1168485084
819434435
305166041
13567674
585086719
711768403
134110387
86786191
440954675
1501407158
66428735
1309989422
782618265
56601088
870851547
1241319266
670064097
1351946133
1307960797
499779461
1131147262
1356800886
186775266
350649278
1469442111
759323618
986823919
128204536
238466212
848202204
554213337
410110671
627119086
881427080
392075918
466019148
189649752
628316471
512144369
27237436
279388569
506644133
807433082
1403968823
1283364862
1003049474
531793466
220753061
818744496
495713480
901195563
427834724
1107428596
56533725
292206220
1266785450
1150997559
1349415553
1518883013
232135514
1529031963
758336504
1417649133
847579780
358337181
951600178
43407302
187157318
1377964120
610031106
1553810135
508853201
335513164
774868528
670310006
1506793048
546226205
167272073
1137672118
465432336
475814928
637152241
1137636754
69106588
1524121744
770909283
257161146
118960202
1386302918
366641678
362168005
84136175
62095763
371573221
87411057
82459675
723390957
197600565
427085296
715217626
1065928036
773645812
1064901486
1263566236
1421852784
410163614
252705265
114855662
1057582529
262053395
1548255032
1093344500
1170962412
467801120
502042464
1538937395
355579310
550067204
1250230630
1419865546
1045388669
756522544
1321858692
468042852
530382231
476870967
994021113
1371629042
513889048
1470664388
1000827428
1157813847
1200065474
1408414240
1165707711
6775471
739669637
402504356
937380465
1242384178
329865244
917541793
263614339
154955697
1480594016
1557698827
227215176
399972658
351863770
580399579
344080052
309619612
222072023
1339440665
1455780535
1042151547
706014482
58384963
923783776
492414379
858803828
242212907
393222766
1131603679
1367715519
1158781075
952290866
174829684
1151483342
387749890
1321062160
1008411670
1219548008
589650687
220629134
224125517
519509595
1127811781
385948754
1219238047
511727836
195527091
190236869
462349377
317363663
174600413
828022629
499249787
949849517
623216631
648703402
113110986
683449130
50803819
281054476
655158552
640631341
687234573
313591416
1430678178
982412071
664201457
919097651
575349288
812336742
1019189668
1056446846
855975586
93004438
360439374
804849988
96545530
205462223
825969779
2490483
17615613
831392749
1279793976
290524156
818194484
217793464
1141727998
1172956116
527405718
253798195
159554523
1239718894
968472842
654457015
360938659
1482952581
1466164621
1487681629
1107393686
527172518
886098887
1322611965
454605282
1399583491
1182208127
274382656
807952690
164885502
52950061
120984764
326910683
1250078050
968726291
445623736
1018179258
1293792267
1513951371
508380954
1211198611
397421857
1402539936
189368410
277007170
1184408196
637925531
1125050392
295995789
788816238
1006764578
221472954
1127590211
397464384
695044506
1046801045
1440103321
438014085
867797065
901536632
1395272442
1364386588
1167757460
127349224
954586758
402912062
781022086
358671731
852674817
217007682
393444358
662786353
1464932476
44540356
820789807
1343290125
911966921
575265505
564565645
1118728552
882847498
327597271
192255215
220612346
1251124965
957893313
1559086518
